10 1.764 160.000 11.028
10 1.784 157.000 11.363
10 1.758 166.000 10.592
10 1.782 165.000 10.801
10 1.779 163.000 10.917
10 1.787 166.000 10.765
10 1.770 161.000 10.996
10 1.830 160.000 11.434
10 1.776 161.000 11.031
10 1.773 162.000 10.942
10 1.771 168.000 10.542
10 1.808 155.000 11.662
10 1.802 170.000 10.602
10 1.765 168.000 10.503
10 1.760 161.000 10.932
10 1.755 172.000 10.204
10 1.824 160.000 11.402
10 1.787 152.000 11.757
10 1.758 163.000 10.783
10 1.773 157.000 11.295
20 3.051 280.000 10.897
20 3.037 275.000 11.042
20 3.018 276.000 10.935
20 3.023 274.000 11.032
20 3.150 280.000 11.249
20 3.185 279.000 11.414
20 3.186 281.000 11.337
20 3.183 282.000 11.287
20 3.065 276.000 11.105
20 3.069 279.000 11.000
20 3.058 272.000 11.243
20 3.097 274.000 11.303
20 3.079 273.000 11.279
20 3.080 277.000 11.120
20 2.894 278.000 10.411
20 3.056 277.000 11.032
20 3.079 280.000 10.997
20 3.038 274.000 11.088
20 3.046 279.000 10.919
20 3.040 278.000 10.936
30 3.862 405.000 9.535
30 3.844 405.000 9.492
30 3.845 408.000 9.424
30 3.865 403.000 9.590
30 3.970 409.000 9.707
30 3.974 410.000 9.693
30 3.986 410.000 9.721
30 3.983 399.000 9.982
30 3.921 409.000 9.586
30 3.901 406.000 9.608
30 3.849 406.000 9.481
30 3.848 408.000 9.432
30 3.880 406.000 9.558
30 3.818 402.000 9.497
30 3.785 408.000 9.277
30 3.899 396.000 9.847
30 3.869 404.000 9.578
30 3.959 391.000 10.125
30 3.983 406.000 9.810
30 3.970 398.000 9.975
40 4.343 515.000 8.432
40 4.331 510.000 8.493
40 4.340 502.000 8.645
40 4.356 513.000 8.491
40 4.451 515.000 8.643
40 4.452 518.000 8.595
40 4.441 514.000 8.640
40 4.448 516.000 8.621
40 4.402 513.000 8.581
40 4.397 515.000 8.537
40 4.400 498.000 8.835
40 4.395 514.000 8.551
40 4.433 516.000 8.591
40 4.436 519.000 8.546
40 4.445 518.000 8.582
40 4.469 518.000 8.627
40 4.465 517.000 8.636
40 4.452 520.000 8.561
40 4.435 519.000 8.545
40 4.446 502.000 8.856
50 4.633 617.000 7.509
50 4.683 624.000 7.504
50 4.697 622.000 7.551
50 4.692 623.000 7.531
50 4.701 620.000 7.582
50 4.696 623.000 7.538
50 4.672 621.000 7.523
50 4.681 614.000 7.623
50 4.588 619.000 7.411
50 4.672 621.000 7.524
50 4.700 617.000 7.618
50 4.683 623.000 7.517
50 4.704 622.000 7.563
50 4.661 610.000 7.641
50 4.693 619.000 7.582
50 4.701 618.000 7.608
50 4.701 623.000 7.546
50 4.686 617.000 7.595
50 4.689 624.000 7.514
50 4.686 620.000 7.558
60 4.822 730.000 6.606
60 4.864 728.000 6.681
60 4.753 730.000 6.511
60 4.867 727.000 6.694
60 4.874 727.000 6.705
60 4.882 727.000 6.715
60 4.841 729.000 6.640
60 4.824 732.000 6.590
60 4.851 707.000 6.861
60 4.786 726.000 6.593
60 4.877 705.000 6.918
60 4.881 727.000 6.714
60 4.880 728.000 6.703
60 4.836 729.000 6.633
60 4.867 727.000 6.695
60 4.859 731.000 6.648
60 4.863 728.000 6.680
60 4.834 727.000 6.649
60 4.823 730.000 6.607
60 4.801 727.000 6.604
70 4.898 830.000 5.901
70 4.875 834.000 5.845
70 4.914 827.000 5.941
70 4.905 830.000 5.910
70 4.939 835.000 5.915
70 4.937 808.000 6.111
70 4.930 833.000 5.919
70 4.933 818.000 6.031
70 4.925 833.000 5.912
70 4.915 830.000 5.921
70 4.926 819.000 6.015
70 4.923 831.000 5.924
70 4.931 833.000 5.919
70 4.956 835.000 5.935
70 4.941 834.000 5.924
70 4.935 834.000 5.918
70 4.913 833.000 5.898
70 4.933 832.000 5.929
70 4.943 830.000 5.956
70 4.929 833.000 5.917
80 4.935 943.000 5.234
80 4.946 943.000 5.245
80 4.939 942.000 5.243
80 4.941 938.000 5.267
80 4.962 937.000 5.295
80 4.953 942.000 5.258
80 4.961 942.000 5.267
80 4.971 933.000 5.327
80 4.968 943.000 5.269
80 4.959 940.000 5.275
80 4.984 917.000 5.435
80 4.975 943.000 5.276
80 4.982 944.000 5.278
80 4.982 943.000 5.283
80 4.956 940.000 5.272
80 4.901 940.000 5.214
80 4.924 942.000 5.227
80 4.962 938.000 5.289
80 4.959 943.000 5.259
80 4.949 941.000 5.260
90 4.981 1030.000 4.836
90 4.995 1030.000 4.850
90 5.001 1030.000 4.856
90 4.974 1031.000 4.825
90 4.985 1029.000 4.845
90 4.983 1031.000 4.833
90 5.001 1032.000 4.846
90 5.001 1033.000 4.842
90 4.960 1031.000 4.810
90 4.979 1031.000 4.829
90 4.993 994.000 5.023
90 5.005 1044.000 4.794
90 4.993 1027.000 4.862
90 4.989 1033.000 4.830
90 4.993 1032.000 4.838
90 4.999 1034.000 4.835
90 4.973 1032.000 4.819
90 4.977 1017.000 4.894
90 4.981 1029.000 4.841
90 4.994 1030.000 4.849
100 4.999 1102.000 4.536
100 4.990 1098.000 4.545
100 4.987 1091.000 4.571
100 5.001 1099.000 4.550
100 5.002 1100.000 4.548
100 5.003 1103.000 4.536
100 4.990 1098.000 4.545
100 4.996 1096.000 4.559
100 4.995 1072.000 4.660
100 5.005 1095.000 4.571
100 5.002 1096.000 4.564
100 5.012 1091.000 4.594
100 5.008 1084.000 4.620
100 5.014 1100.000 4.558
100 4.996 1105.000 4.521
100 5.001 1101.000 4.543
100 5.006 1100.000 4.551
100 4.987 1099.000 4.537
100 4.999 1090.000 4.586
100 5.015 1103.000 4.547
