p	q
1.764 160.000
1.784 157.000
1.758 166.000
1.782 165.000
1.779 163.000
1.787 166.000
1.770 161.000
1.830 160.000
1.776 161.000
1.773 162.000
1.771 168.000
1.808 155.000
1.802 170.000
1.765 168.000
1.760 161.000
1.755 172.000
1.824 160.000
1.787 152.000
1.758 163.000
1.773 157.000
3.051 280.000
3.037 275.000
3.018 276.000
3.023 274.000
3.150 280.000
3.185 279.000
3.186 281.000
3.183 282.000
3.065 276.000
3.069 279.000
3.058 272.000
3.097 274.000
3.079 273.000
3.080 277.000
2.894 278.000
3.056 277.000
3.079 280.000
3.038 274.000
3.046 279.000
3.040 278.000
3.862 405.000
3.844 405.000
3.845 408.000
3.865 403.000
3.970 409.000
3.974 410.000
3.986 410.000
3.983 399.000
3.921 409.000
3.901 406.000
3.849 406.000
3.848 408.000
3.880 406.000
3.818 402.000
3.785 408.000
3.899 396.000
3.869 404.000
3.959 391.000
3.983 406.000
3.970 398.000
4.343 515.000
4.331 510.000
4.340 502.000
4.356 513.000
4.451 515.000
4.452 518.000
4.441 514.000
4.448 516.000
4.402 513.000
4.397 515.000
4.400 498.000
4.395 514.000
4.433 516.000
4.436 519.000
4.445 518.000
4.469 518.000
4.465 517.000
4.452 520.000
4.435 519.000
4.446 502.000
4.633 617.000
4.683 624.000
4.697 622.000
4.692 623.000
4.701 620.000
4.696 623.000
4.672 621.000
4.681 614.000
4.588 619.000
4.672 621.000
4.700 617.000
4.683 623.000
4.704 622.000
4.661 610.000
4.693 619.000
4.701 618.000
4.701 623.000
4.686 617.000
4.689 624.000
4.686 620.000
4.633 617.000
4.683 624.000
4.697 622.000
4.692 623.000
4.701 620.000
4.696 623.000
4.672 621.000
4.681 614.000
4.588 619.000
4.672 621.000
4.700 617.000
4.683 623.000
4.704 622.000
4.661 610.000
4.693 619.000
4.701 618.000
4.701 623.000
4.686 617.000
4.689 624.000
4.686 620.000
4.633 617.000
4.683 624.000
4.697 622.000
4.692 623.000
4.701 620.000
4.696 623.000
4.672 621.000
4.681 614.000
4.588 619.000
4.672 621.000
4.700 617.000
4.683 623.000
4.704 622.000
4.661 610.000
4.693 619.000
4.701 618.000
4.701 623.000
4.686 617.000
4.689 624.000
4.686 620.000
4.633 617.000
4.683 624.000
4.697 622.000
4.692 623.000
4.701 620.000
4.696 623.000
4.672 621.000
4.681 614.000
4.588 619.000
4.672 621.000
4.700 617.000
4.683 623.000
4.704 622.000
4.661 610.000
4.693 619.000
4.701 618.000
4.701 623.000
4.686 617.000
4.689 624.000
4.686 620.000
4.633 617.000
4.683 624.000
4.697 622.000
4.692 623.000
4.701 620.000
4.696 623.000
4.672 621.000
4.681 614.000
4.588 619.000
4.672 621.000
4.700 617.000
4.683 623.000
4.704 622.000
4.661 610.000
4.693 619.000
4.701 618.000
4.701 623.000
4.686 617.000
4.689 624.000
4.686 620.000
4.822 730.000
4.864 728.000
4.753 730.000
4.867 727.000
4.874 727.000
4.882 727.000
4.841 729.000
4.824 732.000
4.851 707.000
4.786 726.000
4.877 705.000
4.881 727.000
4.880 728.000
4.836 729.000
4.867 727.000
4.859 731.000
4.863 728.000
4.834 727.000
4.823 730.000
4.801 727.000
4.898 830.000
4.875 834.000
4.914 827.000
4.905 830.000
4.939 835.000
4.937 808.000
4.930 833.000
4.933 818.000
4.925 833.000
4.915 830.000
4.926 819.000
4.923 831.000
4.931 833.000
4.956 835.000
4.941 834.000
4.935 834.000
4.913 833.000
4.933 832.000
4.943 830.000
4.929 833.000
4.935 943.000
4.946 943.000
4.939 942.000
4.941 938.000
4.962 937.000
4.953 942.000
4.961 942.000
4.971 933.000
4.968 943.000
4.959 940.000
4.984 917.000
4.975 943.000
4.982 944.000
4.982 943.000
4.956 940.000
4.901 940.000
4.924 942.000
4.962 938.000
4.959 943.000
4.949 941.000
4.981 1030.000
4.995 1030.000
5.001 1030.000
4.974 1031.000
4.985 1029.000
4.983 1031.000
5.001 1032.000
5.001 1033.000
4.960 1031.000
4.979 1031.000
4.993 994.000
5.005 1044.000
4.993 1027.000
4.989 1033.000
4.993 1032.000
4.999 1034.000
4.973 1032.000
4.977 1017.000
4.981 1029.000
4.994 1030.000
4.999 1102.000
4.990 1098.000
4.987 1091.000
5.001 1099.000
5.002 1100.000
5.003 1103.000
4.990 1098.000
4.996 1096.000
4.995 1072.000
5.005 1095.000
5.002 1096.000
5.012 1091.000
5.008 1084.000
5.014 1100.000
4.996 1105.000
5.001 1101.000
5.006 1100.000
4.987 1099.000
4.999 1090.000
5.015 1103.000
