11.028
11.363
10.592
10.801
10.917
10.765
10.996
11.434
11.031
10.942
10.542
11.662
10.602
10.503
10.932
10.204
11.402
11.757
10.783
11.295
10.897
11.042
10.935
11.032
11.249
11.414
11.337
11.287
11.105
11.000
11.243
11.303
11.279
11.120
10.411
11.032
10.997
11.088
10.919
10.936
9.535
9.492
9.424
9.590
9.707
9.693
9.721
9.982
9.586
9.608
9.481
9.432
9.558
9.497
9.277
9.847
9.578
10.125
9.810
9.975
8.432
8.493
8.645
8.491
8.643
8.595
8.640
8.621
8.581
8.537
8.835
8.551
8.591
8.546
8.582
8.627
8.636
8.561
8.545
8.856
7.509
7.504
7.551
7.531
7.582
7.538
7.523
7.623
7.411
7.524
7.618
7.517
7.563
7.641
7.582
7.608
7.546
7.595
7.514
7.558
7.509
7.504
7.551
7.531
7.582
7.538
7.523
7.623
7.411
7.524
7.618
7.517
7.563
7.641
7.582
7.608
7.546
7.595
7.514
7.558
7.509
7.504
7.551
7.531
7.582
7.538
7.523
7.623
7.411
7.524
7.618
7.517
7.563
7.641
7.582
7.608
7.546
7.595
7.514
7.558
7.509
7.504
7.551
7.531
7.582
7.538
7.523
7.623
7.411
7.524
7.618
7.517
7.563
7.641
7.582
7.608
7.546
7.595
7.514
7.558
7.509
7.504
7.551
7.531
7.582
7.538
7.523
7.623
7.411
7.524
7.618
7.517
7.563
7.641
7.582
7.608
7.546
7.595
7.514
7.558
6.606
6.681
6.511
6.694
6.705
6.715
6.640
6.590
6.861
6.593
6.918
6.714
6.703
6.633
6.695
6.648
6.680
6.649
6.607
6.604
5.901
5.845
5.941
5.910
5.915
6.111
5.919
6.031
5.912
5.921
6.015
5.924
5.919
5.935
5.924
5.918
5.898
5.929
5.956
5.917
5.234
5.245
5.243
5.267
5.295
5.258
5.267
5.327
5.269
5.275
5.435
5.276
5.278
5.283
5.272
5.214
5.227
5.289
5.259
5.260
4.836
4.850
4.856
4.825
4.845
4.833
4.846
4.842
4.810
4.829
5.023
4.794
4.862
4.830
4.838
4.835
4.819
4.894
4.841
4.849
4.536
4.545
4.571
4.550
4.548
4.536
4.545
4.559
4.660
4.571
4.564
4.594
4.620
4.558
4.521
4.543
4.551
4.537
4.586
4.547
