16.0	0.25	0.25	1000	10-3-21-42   4.538   657.000   6.907
16.0	0.25	0.25	1000	10-3-21-42   4.538   657.000   6.907
16.0	0.25	0.25	1000	10-3-21-42   4.538   657.000   6.907
16.0	0.25	0.25	1000	10-3-21-42   4.538   657.000   6.907
16.0	0.25	0.25	1000	10-3-21-42   4.538   657.000   6.907
16.0	0.25	0.25	1000	10-3-21-42   4.538   657.000   6.907
16.0	0.25	0.25	1000	10-3-21-44   4.700   755.000   6.225
16.0	0.25	0.25	1000	10-3-21-44   4.700   755.000   6.225
16.0	0.25	0.25	1000	10-3-21-44   4.700   755.000   6.225
16.0	0.25	0.25	1000	10-3-21-44   4.700   755.000   6.225
16.0	0.25	0.25	1000	10-3-21-44   4.700   755.000   6.225
16.0	0.40	0.40	1000	10-3-21-47   4.688   808.000   5.802
16.0	0.40	0.40	1000	10-3-21-47   4.688   808.000   5.802
16.0	0.40	0.40	1000	10-3-21-47   4.688   808.000   5.802
16.0	0.40	0.40	1000	10-3-21-47   4.688   808.000   5.802
16.0	0.55	0.55	1000	10-3-21-49   4.659   938.000   4.967
16.0	0.55	0.55	1000	10-3-21-49   4.659   938.000   4.967
16.0	0.55	0.55	1000	10-3-21-49   4.659   938.000   4.967
16.0	0.70	0.70	1000	10-3-21-52   4.736   954.000   4.964
16.0	0.70	0.70	1000	10-3-21-52   4.736   954.000   4.964
16.0	0.85	0.85	1000	10-3-21-54   5.031   10099.000   0.498
