9-31-21-56   1.763   155.000   11.377
9-31-21-58   1.797   158.000   11.373
9-31-22-1   1.781   158.000   11.272
9-31-22-3   1.795   158.000   11.363
9-31-22-6   1.789   154.000   11.619
9-31-22-8   1.793   151.000   11.875
9-31-22-11   1.770   159.000   11.132
9-31-22-13   1.777   158.000   11.245
9-31-22-16   1.784   156.000   11.434
9-31-22-18   1.793   153.000   11.722
9-31-22-21   1.785   152.000   11.747
9-31-22-23   1.792   155.000   11.561
9-31-22-26   1.789   159.000   11.250
9-31-22-28   1.782   162.000   10.998
9-31-22-31   1.790   154.000   11.625
9-31-22-33   1.783   162.000   11.004
9-31-22-36   1.799   152.000   11.834
9-31-22-38   1.804   157.000   11.491
9-31-22-41   1.756   158.000   11.111
9-31-22-43   1.775   174.000   10.201
9-31-22-46   1.741   171.000   10.179
