0.347
0.392
0.355
0.339
0.333
0.329
0.343
0.382
0.335
0.334
0.340
0.348
0.407
0.390
0.353
0.374
0.374
0.351
0.337
0.335
0.332
0.344
0.329
0.369
0.387
0.397
0.386
0.341
0.375
0.360
0.350
0.343
0.338
0.346
0.339
0.329
0.344
0.354
0.331
0.385
0.336
0.345
0.387
0.377
0.373
0.362
0.336
0.343
0.333
0.346
0.377
0.381
0.354
0.344
0.353
0.370
0.385
0.329
0.357
0.350
0.368
0.338
0.340
0.342
0.338
0.389
0.344
0.339
0.343
0.348
0.340
0.352
0.357
0.345
0.343
0.352
0.344
0.349
0.340
0.346
0.343
0.329
0.344
0.325
0.333
0.323
0.341
0.338
0.344
0.359
0.339
0.342
0.348
0.347
0.351
0.355
0.355
0.359
0.356
