77.000
86.000
81.000
80.000
81.000
86.000
82.000
74.000
99.000
86.000
85.000
74.000
79.000
78.000
74.000
77.000
75.000
77.000
80.000
77.000
102.000
73.000
95.000
74.000
71.000
72.000
74.000
76.000
71.000
74.000
74.000
81.000
81.000
86.000
84.000
85.000
78.000
85.000
94.000
82.000
84.000
80.000
73.000
73.000
73.000
72.000
83.000
88.000
80.000
88.000
80.000
77.000
75.000
78.000
74.000
73.000
72.000
73.000
72.000
76.000
78.000
81.000
90.000
86.000
85.000
82.000
77.000
82.000
76.000
79.000
82.000
75.000
74.000
78.000
77.000
82.000
80.000
77.000
77.000
76.000
75.000
80.000
78.000
94.000
79.000
92.000
78.000
85.000
79.000
77.000
84.000
80.000
73.000
73.000
75.000
74.000
80.000
74.000
73.000
